59 20
50 8389 9057 9369 9743 10879 14725 15711 19505 19675 20054 20624 21247 21441 21824 24082 25346 29399 35418 35829 36628 37994 38110 41374 41424 42065 43911 45594 47821 48904 52404 53235 56415 57076 58585 61374 61600 62039 63644 64390 64831 65225 66806 70139 75254 77846 77896 78251 78340 78956 83704 84322 84468 85014 85682 88014 88611 92901 93378 
4507 4554 7152 8711 20039 29335 35645 36816 43180 46672 46917 49326 49376 51283 57534 67960 70813 73244 95529 98706 
53 54
50 656 1950 6015 6505 6805 7521 8389 9057 9369 9743 10879 10976 14725 15711 16970 19505 19675 20054 20520 20624 21247 21441 21824 22714 23476 24082 24414 25346 25604 26120 26897 27983 28225 28729 29399 33481 35418 35829 36628 37994 38110 39864 41374 41424 42065 43911 45594 47821 48904 51321 52138 52404 
1751 1833 2229 2407 4507 4554 5887 6148 7152 8711 10096 15626 17849 19627 19740 19740 19744 20039 22083 25759 28131 28310 29335 29836 31412 34011 35645 36816 37880 38774 42127 43180 44790 46672 46917 46927 48288 49326 49376 50550 50969 51283 51722 53369 56231 57534 59721 61945 67960 68699 70813 73244 74319 75604 
54 19
50 656 1548 1950 3595 4537 4727 6015 6505 6805 7521 8284 8389 9057 9369 9743 10879 10976 14725 15679 15711 16062 16740 16970 17610 18724 19505 19675 20054 20520 20624 21247 21441 21824 22099 22714 23476 24082 24414 24817 25196 25346 25604 26120 26239 26620 26897 27574 27983 28225 28729 29399 29604 30217 
1751 1833 2229 2407 4507 4554 5887 6148 7152 8711 10096 15626 17849 19627 19740 19740 19744 20039 22083 
43 20
50 656 1548 1950 3595 4537 4727 5106 6015 6505 6805 6957 7521 8284 8389 9057 9369 9743 10879 10970 10976 11973 14058 14725 15679 15711 16062 16740 16970 17610 18724 18919 19505 19675 20054 20520 20624 21247 21441 21824 22099 22519 22714 
1751 1833 2229 2407 4507 4554 5887 6148 7152 8711 10096 13203 15626 16027 16322 17012 17849 18953 19627 19740 
84 95
50 656 1548 1950 2774 3595 3979 4537 4727 5041 5106 6011 6015 6029 6489 6505 6805 6957 7521 8132 8284 8389 9057 9244 9369 9743 9922 10477 10879 10970 10976 11973 12624 13653 13682 13901 14058 14725 15679 15711 15863 16062 16740 16970 17303 17610 18505 18724 18724 18919 19505 19675 20054 20262 20520 20624 21247 21441 21824 22029 22099 22519 22714 23476 23669 23682 23924 23989 24082 24101 24414 24817 24896 25196 25346 25357 25604 26120 26239 26273 26277 26587 26620 26897 
282 1602 1751 1833 2229 2407 2711 3608 4507 4554 5776 5887 6148 6382 6607 6845 7152 7338 8005 8089 8156 8711 10073 10096 10585 13203 14728 15626 15685 16027 16322 16334 17012 17012 17849 17965 18167 18953 19627 19740 19740 19744 20039 20955 21139 22083 22121 24326 24337 24359 24454 25345 25759 26784 27839 28069 28131 28310 29335 29836 30085 31412 31588 31728 32417 34011 34514 35275 35645 36816 37317 37612 37880 38774 39590 40016 40043 40502 41999 42104 42127 42470 43180 43311 44648 44790 45064 45366 45739 46593 46672 46917 46927 47134 47320 
99 25
50 318 656 859 1548 1950 2774 3595 3979 4537 4727 5041 5106 5476 5696 5858 5950 6011 6015 6029 6489 6505 6714 6805 6957 7191 7521 8115 8132 8284 8389 9057 9244 9369 9597 9743 9922 10285 10440 10477 10879 10970 10976 11144 11973 12193 12434 12624 13653 13682 13842 13901 14058 14725 15679 15711 15863 16062 16740 16970 17303 17610 18505 18724 18724 18870 18919 19505 19675 19713 20054 20262 20520 20624 20835 21247 21441 21824 22029 22099 22519 22541 22714 23432 23476 23669 23682 23924 23989 24082 24101 24131 24414 24817 24896 25196 25346 25357 25604 
282 1113 1602 1751 1833 2229 2407 2711 3608 4507 4554 4682 5776 5887 6148 6293 6382 6607 6845 7152 7338 8005 8089 8156 8711 
8 95
50 318 656 859 1548 1950 2774 3595 
282 559 1113 1602 1751 1833 2229 2407 2554 2711 3092 3313 3608 4507 4554 4682 5776 5871 5887 5946 6072 6148 6293 6382 6607 6845 7001 7152 7338 8005 8089 8156 8626 8711 9470 9878 10073 10096 10156 10400 10585 11466 13001 13203 14103 14509 14728 15626 15685 16027 16322 16334 17012 17012 17403 17849 17965 18069 18167 18953 19627 19740 19740 19744 19883 20039 20867 20955 21139 21271 21510 21925 22083 22121 22245 23200 23502 24326 24337 24359 24454 24490 25345 25597 25759 26784 27583 27839 28069 28131 28310 28752 29097 29335 29836 
16 18
50 318 656 859 1548 1950 2774 3595 3979 4537 4727 5041 5106 5476 5696 5818 
282 559 1006 1113 1602 1751 1833 2229 2407 2554 2711 3092 3313 3608 4268 4507 4554 4682 
99 97
50 318 656 859 1155 1297 1468 1548 1950 2774 2812 3010 3595 3979 4077 4537 4727 4953 5041 5106 5476 5527 5696 5818 5858 5950 6011 6015 6029 6147 6489 6505 6714 6805 6957 7191 7521 8068 8115 8132 8284 8389 8497 9057 9244 9369 9554 9597 9743 9922 10285 10440 10477 10729 10879 10970 10976 11144 11310 11610 11973 12026 12193 12434 12456 12624 13256 13299 13653 13682 13842 13901 14058 14725 15269 15679 15711 15863 15970 16062 16628 16740 16970 17303 17419 17610 17893 18505 18724 18724 18727 18870 18919 19505 19624 19675 19713 20054 20262 
282 559 682 1006 1113 1214 1600 1602 1751 1833 2059 2229 2407 2554 2711 3092 3313 3608 4268 4507 4554 4682 4855 5776 5871 5887 5946 6072 6148 6293 6382 6422 6607 6845 7001 7152 7280 7330 7338 8005 8089 8156 8626 8711 9181 9470 9878 10073 10096 10156 10336 10400 10585 11434 11466 13001 13203 13529 14103 14208 14509 14728 14738 15394 15626 15685 16027 16322 16334 16465 17012 17012 17403 17849 17965 18069 18167 18714 18953 19031 19627 19740 19740 19744 19883 20039 20867 20955 21139 21271 21510 21579 21925 22083 22121 22124 22183 
30 82
50 318 656 859 1155 1297 1468 1548 1950 2774 2812 3010 3595 3872 3979 4009 4077 4537 4727 4953 5041 5106 5472 5476 5527 5696 5761 5818 5858 5950 
282 508 559 682 1006 1113 1214 1600 1602 1751 1833 2059 2229 2407 2554 2711 3092 3313 3608 3953 4268 4507 4554 4682 4855 5776 5871 5887 5946 6072 6147 6148 6293 6382 6422 6607 6845 7001 7152 7280 7330 7338 7825 8005 8085 8089 8156 8161 8324 8626 8711 9031 9181 9470 9878 10073 10096 10156 10336 10400 10585 11011 11434 11466 11936 12574 13001 13203 13529 14103 14208 14509 14728 14738 15394 15595 15626 15685 15818 16027 16322 16334 
12 98
50 318 656 859 1155 1297 1468 1548 1950 2774 2812 3010 
59 282 508 559 682 1006 1113 1214 1600 1602 1751 1833 2059 2229 2247 2407 2554 2711 3092 3313 3334 3335 3608 3709 3953 4268 4507 4554 4682 4855 5754 5776 5871 5887 5946 6072 6147 6148 6293 6382 6422 6486 6607 6845 7001 7079 7152 7280 7330 7338 7825 8005 8085 8089 8155 8156 8161 8324 8380 8425 8626 8711 8718 9031 9181 9470 9878 10023 10073 10096 10156 10336 10400 10585 11011 11180 11374 11432 11434 11466 11509 11716 11936 12166 12574 13001 13203 13529 14103 14208 14509 14728 14738 15357 15394 15429 15595 15626 
15 55
50 318 656 859 1155 1297 1468 1548 1950 2774 2812 3010 3595 3872 3973 
59 282 508 559 682 1006 1022 1113 1214 1600 1602 1751 1833 2059 2229 2247 2407 2554 2595 2711 3092 3313 3334 3335 3608 3709 3953 4268 4507 4554 4682 4855 5179 5754 5776 5871 5887 5946 6072 6147 6148 6291 6293 6382 6422 6486 6492 6607 6845 7001 7079 7152 7280 7330 7338 
12 11
50 318 656 859 1155 1297 1468 1548 1950 2774 2812 3010 
59 282 508 559 682 1006 1022 1113 1214 1600 1602 
89 95
50 318 656 859 1155 1184 1297 1468 1548 1950 2514 2774 2812 3010 3021 3595 3872 3973 3979 4009 4077 4537 4727 4953 5041 5106 5157 5472 5476 5527 5696 5761 5818 5858 5950 6011 6015 6029 6147 6489 6505 6714 6719 6805 6957 7191 7521 8068 8115 8132 8284 8389 8497 8517 9057 9244 9369 9438 9554 9554 9597 9723 9743 9922 9968 10285 10440 10477 10502 10729 10879 10970 10976 11144 11310 11392 11407 11608 11610 11973 12026 12193 12434 12456 12624 12761 13256 13299 13653 
59 282 336 508 559 682 1006 1022 1113 1214 1600 1602 1751 1755 1833 2059 2229 2247 2407 2554 2595 2711 3092 3313 3334 3335 3608 3709 3790 3953 4268 4507 4554 4682 4855 5179 5754 5776 5858 5871 5887 5946 6072 6147 6148 6291 6293 6382 6422 6486 6492 6607 6845 7001 7079 7152 7280 7330 7338 7825 8005 8085 8089 8155 8156 8161 8324 8380 8425 8463 8626 8711 8718 9031 9181 9223 9470 9878 9941 10023 10073 10096 10156 10336 10400 10585 10819 10890 11011 11178 11180 11241 11303 11334 11374 
74 15
50 318 656 859 1155 1184 1297 1468 1548 1950 2514 2774 2812 3010 3021 3595 3872 3973 3979 4009 4077 4537 4727 4953 5041 5046 5106 5148 5157 5472 5476 5527 5696 5761 5818 5858 5950 6011 6015 6029 6039 6147 6489 6505 6714 6719 6805 6957 7191 7521 7590 8068 8115 8132 8284 8389 8497 8517 9057 9244 9369 9438 9554 9554 9597 9723 9743 9922 9968 10285 10440 10477 10502 10729 
59 282 336 508 559 682 1006 1022 1113 1214 1600 1602 1751 1751 1755 
68 59
50 318 656 859 1155 1184 1297 1468 1548 1852 1950 2514 2774 2812 3010 3021 3595 3872 3973 3979 4009 4077 4537 4727 4953 5041 5046 5106 5148 5157 5472 5476 5527 5552 5696 5761 5818 5858 5950 6011 6015 6029 6039 6147 6370 6489 6505 6714 6719 6805 6957 7191 7521 7590 7778 8068 8115 8132 8284 8389 8497 8517 9057 9244 9369 9438 9554 9554 
59 282 336 508 559 682 1006 1022 1113 1214 1506 1600 1602 1751 1751 1755 1833 2011 2059 2229 2247 2407 2554 2595 2711 3092 3313 3334 3335 3608 3709 3790 3953 4268 4395 4507 4554 4682 4855 4871 5179 5754 5776 5858 5871 5887 5946 6072 6147 6148 6291 6293 6382 6422 6486 6492 6607 6845 7001 
6 78
50 318 656 859 1155 1184 
59 282 336 508 559 682 1006 1022 1113 1214 1506 1600 1602 1751 1751 1755 1833 1958 2011 2059 2229 2247 2407 2554 2593 2595 2711 3092 3238 3313 3334 3335 3559 3608 3709 3756 3790 3953 4155 4268 4395 4507 4554 4682 4829 4855 4871 5179 5754 5776 5858 5871 5887 5946 6072 6147 6148 6291 6293 6382 6422 6486 6492 6607 6845 7001 7079 7152 7280 7330 7338 7515 7825 8005 8085 8089 8155 8156 
1 66
50 
59 282 336 508 559 682 1006 1022 1113 1214 1506 1600 1602 1751 1751 1755 1833 1958 2011 2059 2229 2247 2407 2554 2593 2595 2711 3092 3238 3313 3334 3335 3559 3608 3709 3756 3763 3790 3953 3989 4155 4268 4395 4493 4507 4554 4682 4829 4855 4871 5179 5754 5776 5858 5871 5887 5946 6072 6147 6148 6291 6293 6382 6422 6486 6492 
69 61
50 318 656 859 1155 1184 1297 1468 1548 1805 1852 1950 2269 2514 2774 2812 2897 3010 3021 3163 3219 3550 3595 3872 3973 3979 4009 4077 4537 4727 4953 5041 5046 5106 5148 5157 5472 5476 5527 5552 5696 5761 5818 5858 5948 5950 6011 6015 6029 6039 6147 6370 6383 6489 6505 6714 6719 6805 6957 7191 7462 7521 7590 7778 8068 8115 8132 8284 8389 
59 111 282 336 508 559 665 682 1006 1022 1113 1214 1506 1600 1602 1751 1751 1755 1833 1958 2011 2059 2229 2247 2407 2554 2593 2595 2638 2711 3092 3238 3313 3334 3335 3559 3608 3709 3756 3763 3790 3953 3989 4155 4268 4333 4395 4413 4493 4507 4554 4682 4829 4855 4871 5006 5179 5226 5335 5754 5776 
43 97
13 50 141 180 318 656 859 1155 1184 1297 1468 1548 1805 1852 1950 2217 2241 2269 2514 2774 2812 2897 3010 3021 3163 3219 3550 3595 3872 3973 3979 4009 4077 4537 4727 4936 4953 5041 5046 5106 5148 5157 5472 
59 111 282 336 508 559 665 682 1006 1022 1113 1202 1214 1506 1600 1602 1633 1751 1751 1755 1833 1958 2011 2059 2229 2247 2407 2554 2593 2595 2638 2711 2851 3009 3092 3238 3313 3334 3335 3559 3608 3709 3756 3763 3790 3953 3989 4155 4268 4333 4395 4413 4493 4507 4554 4682 4829 4855 4871 5006 5179 5226 5335 5754 5776 5858 5858 5871 5887 5946 6072 6147 6148 6291 6293 6382 6422 6486 6492 6607 6791 6845 7001 7079 7152 7280 7330 7338 7515 7773 7825 7911 7994 8005 8085 8089 8155 
27 98
13 50 141 180 318 656 859 1155 1184 1297 1468 1548 1805 1852 1950 2217 2241 2269 2514 2774 2812 2897 3010 3021 3163 3219 3550 
59 111 282 336 508 559 622 665 682 828 1006 1022 1113 1202 1214 1506 1600 1602 1633 1751 1751 1755 1833 1958 2011 2059 2229 2247 2288 2407 2554 2593 2595 2638 2711 2851 3009 3092 3238 3313 3334 3335 3456 3559 3608 3709 3756 3763 3790 3953 3989 4155 4268 4333 4395 4413 4493 4507 4554 4682 4829 4855 4871 5006 5179 5226 5335 5754 5776 5858 5858 5871 5887 5946 6072 6147 6148 6291 6293 6382 6422 6486 6492 6607 6791 6845 7001 7079 7152 7280 7330 7338 7366 7515 7773 7825 7911 7994 
90 83
13 50 80 141 180 318 656 773 859 1030 1155 1184 1297 1468 1548 1805 1852 1950 2117 2217 2241 2269 2514 2774 2812 2897 3010 3021 3163 3219 3550 3595 3872 3973 3979 4009 4077 4175 4379 4537 4727 4748 4936 4953 5041 5046 5106 5148 5157 5472 5476 5527 5552 5696 5761 5818 5829 5858 5948 5950 6011 6015 6029 6039 6147 6370 6383 6489 6505 6714 6719 6805 6957 7191 7462 7521 7590 7778 8068 8115 8132 8284 8389 8497 8517 8534 8535 8570 8820 9057 
59 111 282 336 508 559 622 665 682 729 828 1006 1022 1113 1202 1214 1506 1600 1602 1633 1751 1751 1755 1833 1958 2011 2059 2229 2247 2288 2407 2554 2593 2595 2638 2711 2851 3009 3092 3238 3313 3334 3335 3456 3559 3608 3709 3756 3763 3790 3953 3989 4155 4268 4333 4395 4413 4493 4507 4554 4644 4682 4829 4855 4871 5006 5179 5226 5335 5500 5754 5776 5858 5858 5871 5887 5946 6072 6147 6148 6291 6293 6382 
97 14
13 50 80 141 180 318 656 773 859 1030 1155 1184 1297 1468 1522 1548 1805 1852 1950 2013 2117 2217 2241 2269 2514 2774 2812 2897 3010 3021 3163 3215 3219 3550 3595 3872 3973 3979 4009 4077 4175 4379 4537 4727 4748 4936 4953 5041 5046 5106 5148 5157 5472 5476 5527 5552 5696 5761 5818 5829 5858 5948 5950 6011 6015 6029 6039 6147 6370 6383 6489 6505 6527 6635 6714 6719 6805 6957 6961 7191 7462 7521 7590 7778 7941 8068 8115 8132 8284 8389 8497 8517 8534 8535 8570 8820 9057 
59 111 282 336 508 559 622 665 682 729 828 1006 1022 1113 
20 96
13 50 80 141 180 318 656 773 859 1030 1155 1184 1297 1468 1522 1548 1805 1852 1950 2013 
59 111 282 336 508 559 622 665 682 729 828 1006 1022 1113 1202 1214 1506 1600 1602 1633 1689 1751 1751 1755 1833 1958 2011 2059 2229 2247 2288 2407 2435 2554 2593 2595 2638 2711 2851 3009 3068 3092 3238 3313 3334 3335 3456 3559 3569 3608 3709 3756 3763 3790 3953 3989 4066 4155 4268 4333 4395 4413 4493 4507 4554 4644 4682 4829 4855 4871 5006 5014 5179 5226 5321 5335 5500 5754 5776 5858 5858 5871 5887 5946 6072 6147 6148 6291 6293 6382 6422 6486 6492 6607 6791 6845 
4 85
13 50 80 141 
59 111 282 336 508 559 622 648 665 682 729 828 1006 1022 1113 1202 1214 1506 1600 1602 1633 1689 1751 1751 1755 1833 1958 2011 2059 2229 2247 2288 2407 2435 2554 2593 2595 2638 2711 2851 3009 3068 3092 3109 3238 3313 3334 3335 3456 3514 3559 3569 3608 3709 3730 3756 3763 3790 3953 3989 4066 4155 4268 4333 4395 4413 4493 4497 4499 4507 4554 4644 4682 4829 4855 4871 5006 5014 5179 5226 5321 5335 5500 5754 5776 
4 88
13 50 80 141 
59 111 242 282 336 508 559 622 648 665 682 729 828 1006 1022 1113 1202 1214 1506 1600 1602 1633 1689 1751 1751 1755 1833 1958 2011 2059 2229 2247 2288 2353 2407 2435 2554 2593 2595 2638 2711 2851 3009 3068 3092 3109 3238 3313 3334 3335 3456 3514 3559 3569 3608 3709 3730 3756 3763 3790 3953 3989 4066 4155 4268 4333 4395 4413 4493 4497 4499 4507 4554 4644 4682 4829 4855 4871 5006 5014 5179 5226 5249 5321 5335 5470 5500 5640 
39 38
13 50 80 141 180 318 656 773 859 1030 1155 1184 1297 1468 1522 1548 1805 1852 1950 2013 2117 2217 2241 2269 2405 2514 2673 2774 2812 2897 3010 3021 3163 3215 3219 3550 3595 3872 3973 
59 111 242 282 336 508 559 622 648 665 682 729 828 1006 1022 1113 1202 1214 1506 1600 1602 1633 1689 1751 1751 1755 1833 1958 2011 2059 2229 2247 2288 2353 2407 2435 2554 2593 
16 38
13 50 80 141 180 318 656 773 859 1030 1155 1184 1297 1468 1522 1548 
59 111 242 282 336 508 559 622 648 665 682 729 828 1006 1022 1113 1202 1214 1506 1600 1602 1633 1689 1751 1751 1755 1833 1958 2011 2059 2229 2247 2288 2353 2407 2435 2554 2593 
23 19
13 50 80 141 180 318 656 773 859 1030 1099 1155 1184 1297 1468 1522 1548 1805 1852 1950 2013 2117 2217 
59 111 242 282 336 508 559 622 648 665 682 729 828 1006 1022 1113 1202 1214 1506 
57 93
13 50 80 141 180 318 656 773 859 1030 1099 1155 1184 1211 1297 1468 1522 1548 1805 1852 1950 2013 2117 2217 2241 2269 2405 2514 2673 2774 2812 2897 3010 3021 3163 3215 3219 3550 3595 3825 3872 3918 3973 3979 4009 4077 4175 4336 4379 4537 4727 4748 4936 4953 5041 5046 5106 
21 59 111 242 278 282 336 508 559 622 648 665 682 729 828 1006 1022 1113 1202 1214 1506 1600 1602 1633 1689 1751 1751 1755 1833 1891 1958 2011 2059 2229 2247 2288 2353 2407 2435 2554 2593 2595 2638 2645 2711 2818 2851 3009 3068 3092 3109 3206 3238 3313 3334 3335 3456 3514 3559 3569 3608 3709 3730 3756 3763 3790 3855 3953 3989 4066 4155 4268 4333 4395 4413 4457 4493 4497 4499 4507 4554 4644 4682 4764 4829 4855 4871 5006 5014 5179 5226 5249 5321 
51 49
13 50 80 141 180 318 656 773 859 1030 1099 1155 1184 1211 1297 1468 1522 1548 1805 1852 1950 2013 2117 2217 2241 2269 2405 2514 2673 2774 2812 2897 3010 3021 3163 3215 3219 3550 3555 3595 3825 3872 3918 3973 3979 4009 4077 4175 4336 4379 4537 
21 59 111 242 278 282 336 354 508 559 622 648 665 682 729 828 1006 1022 1113 1202 1214 1309 1506 1600 1602 1633 1689 1751 1751 1755 1833 1891 1958 2011 2059 2229 2247 2288 2353 2407 2435 2554 2593 2595 2638 2645 2711 2818 2851 
39 28
13 50 80 141 180 318 656 773 859 1030 1099 1155 1184 1211 1297 1468 1522 1548 1661 1805 1852 1950 2013 2117 2217 2241 2269 2405 2514 2673 2774 2812 2897 3010 3021 3163 3215 3219 3550 
21 59 111 242 278 282 336 354 508 559 622 648 665 682 729 828 1006 1022 1113 1202 1214 1309 1506 1600 1602 1633 1689 1751 
63 60
13 50 80 141 180 318 656 773 859 1030 1099 1155 1184 1211 1297 1468 1522 1548 1661 1805 1852 1950 2013 2117 2217 2241 2269 2405 2514 2673 2774 2812 2897 3010 3021 3163 3215 3219 3550 3555 3595 3701 3825 3872 3918 3973 3979 4009 4077 4175 4335 4336 4379 4537 4572 4727 4748 4936 4953 5041 5046 5106 5148 
21 59 111 242 278 282 336 354 453 508 559 622 648 665 682 729 828 902 1006 1022 1113 1202 1214 1309 1506 1600 1602 1633 1689 1751 1751 1755 1833 1891 1958 2011 2059 2229 2247 2288 2353 2407 2435 2554 2593 2595 2638 2645 2711 2818 2851 3009 3068 3092 3109 3206 3238 3313 3334 3335 
19 61
13 50 80 141 180 318 358 656 773 859 1030 1099 1155 1184 1211 1297 1468 1522 1548 
21 59 111 242 278 282 336 354 453 508 559 622 648 665 682 729 828 902 1006 1022 1113 1202 1214 1309 1506 1600 1602 1633 1689 1751 1751 1755 1760 1833 1891 1958 2003 2011 2059 2229 2247 2288 2353 2393 2407 2435 2554 2593 2595 2638 2645 2711 2818 2851 3009 3068 3092 3109 3137 3206 3238 
25 62
13 50 80 141 180 318 358 656 773 859 1030 1099 1155 1184 1211 1297 1468 1522 1548 1661 1805 1852 1950 2013 2117 
21 59 111 242 278 282 336 354 453 508 559 622 648 665 682 729 828 902 1006 1022 1113 1202 1214 1309 1506 1600 1602 1633 1689 1751 1751 1755 1760 1833 1891 1958 2003 2011 2059 2229 2247 2288 2353 2393 2407 2435 2554 2593 2595 2638 2645 2711 2818 2851 3009 3018 3068 3092 3109 3137 3206 3238 
58 76
13 50 80 141 180 318 358 656 773 859 1030 1099 1155 1184 1211 1297 1468 1522 1548 1661 1739 1805 1852 1950 1974 2008 2013 2117 2217 2241 2262 2265 2269 2405 2514 2673 2774 2812 2897 3010 3021 3163 3173 3215 3219 3550 3555 3595 3677 3701 3825 3872 3918 3973 3979 4009 4077 4175 
21 59 111 242 278 282 336 354 453 508 559 622 648 665 682 729 828 902 1006 1022 1113 1202 1214 1309 1506 1600 1602 1633 1689 1751 1751 1755 1760 1833 1891 1958 2003 2011 2059 2229 2247 2288 2353 2393 2407 2435 2554 2593 2595 2638 2645 2711 2818 2851 2967 3009 3018 3068 3092 3109 3137 3184 3206 3238 3313 3334 3335 3428 3456 3514 3520 3559 3569 3608 3709 3730 
76 40
13 50 80 141 180 318 358 656 773 818 859 1030 1099 1155 1184 1211 1297 1468 1522 1548 1661 1739 1805 1852 1950 1974 2008 2013 2117 2217 2241 2262 2265 2269 2405 2514 2673 2774 2812 2897 3010 3021 3163 3173 3215 3219 3550 3555 3595 3677 3701 3825 3872 3918 3925 3973 3979 4009 4077 4175 4335 4336 4379 4537 4565 4572 4615 4686 4727 4748 4936 4953 5041 5046 5106 5148 
21 59 111 242 278 282 336 354 453 508 559 622 648 665 682 729 828 902 1006 1022 1113 1202 1214 1309 1506 1600 1602 1633 1689 1751 1751 1755 1760 1833 1891 1958 2003 2011 2059 2229 
68 20
13 50 80 141 180 318 319 358 656 773 818 859 1030 1099 1155 1184 1211 1297 1468 1522 1548 1661 1739 1805 1852 1950 1974 2008 2013 2117 2217 2241 2262 2265 2269 2405 2514 2673 2774 2812 2897 3010 3021 3163 3173 3215 3219 3550 3555 3595 3677 3701 3825 3872 3918 3925 3973 3979 4009 4077 4175 4335 4336 4379 4537 4565 4572 4615 
21 59 111 242 278 282 336 354 453 508 559 622 648 665 682 729 828 902 1006 1022 
42 6
13 50 80 141 180 318 319 358 656 773 818 859 1030 1099 1155 1184 1211 1297 1468 1522 1548 1661 1739 1805 1852 1950 1974 2008 2013 2117 2217 2241 2262 2265 2269 2405 2514 2673 2774 2812 2897 3010 
21 59 111 242 278 282 
7 52
13 50 80 141 180 318 319 
21 59 59 111 242 278 282 336 354 453 508 559 622 648 665 682 729 828 902 1006 1022 1113 1202 1214 1309 1506 1600 1602 1633 1689 1751 1751 1755 1760 1833 1891 1958 2003 2011 2059 2229 2247 2288 2353 2393 2407 2435 2554 2593 2595 2638 2645 
0 0
